Se houver duplicados p.ex [1,3,5,6,7,8,9,6,16] basta fazer um
teste que passe por esse?

All DU Path Coverage for all variables are:
Variable	All DU Path Coverage
query 	
    [1,3,4] X
    [1,2] X
    [1,3,5,6,16] X
    [1,3,5,6,7,8,9,6,16] X
length 	
    [1,3,5,6,16] X
    [1,3,5,6,7,8,10,12,13,14,15,6,16] X
x 	
    [1,3,5,6,7,8,9,6,16] X
    [1,3,5,6,16] X
    [1,3,5,6,7,8,10,11,6,16] X
    [1,3,5,6,7,8,10,12,13,15,6,16] X
    [1,3,5,6,7,8,10,12,13,14,15,6,16] X
    [1,3,5,6,7,8,9,6,7,8,9,6,16] X
    [1,3,5,6,7,8,9,6,16] X
    [1,3,5,6,7,8,9,6,7,8,10,11,6,16] X
    [1,3,5,6,7,8,9,6,7,8,10,12,13,15,6,16] X
    [1,3,5,6,7,8,9,6,7,8,10,12,13,14,15,6,16] X
    [1,3,5,6,7,8,10,11,6,7,8,9,6,16] X
    [1,3,5,6,7,8,10,11,6,16] X
    [1,3,5,6,7,8,10,11,6,7,8,10,11,6,16] X
    [1,3,5,6,7,8,10,11,6,7,8,10,12,13,15,6,16] X
    [1,3,5,6,7,8,10,11,6,7,8,10,12,13,14,15,6,16] X
    [1,3,5,6,7,8,10,12,13,15,6,7,8,9,6,16] X
    [1,3,5,6,7,8,10,12,13,15,6,16] X
    [1,3,5,6,7,8,10,12,13,15,6,7,8,10,11,6,16] X
    [1,3,5,6,7,8,10,12,13,15,6,7,8,10,12,13,15,6,16] X
    [1,3,5,6,7,8,10,12,13,15,6,7,8,10,12,13,14,15,6,16] X
i 	
    [1,3,5,6,7,8,9,6,16] X
    [1,3,5,6,16] X
    [1,3,5,6,7,8,10,12,13,15,6,16] X
    [1,3,5,6,7,8,10,12,13,14,15,6,16] X
    [1,3,5,6,7,8,10,12,13,15,6,7,8,9,6,16] X
    [1,3,5,6,7,8,10,12,13,14,15,6,7,8,9,6,16] X
    [1,3,5,6,7,8,10,12,13,15,6,7,8,10,12,13,15,6,16] X
    [1,3,5,6,7,8,10,12,13,14,15,6,7,8,10,12,13,15,6,16] X
c 	
    [1,3,5,6,7,8,10,11,6,16] X
    [1,3,5,6,7,8,9,6,16] X
    [1,3,5,6,7,8,10,12,13,15,6,16] X