7 test paths are needed for Edge-Pair Coverage using the prefix graph algorithm
Test Paths	Test Requirements that are toured by test paths directly
[1,3,5,6,7,8,10,12,13,15,6,16] X
    [1,3,5], [3,5,6], [5,6,7], [6,7,8], [7,8,10], [8,10,12], [10,12,13], [12,13,15], [13,15,6], [15,6,16]
[1,3,5,6,7,8,9,6,7,8,10,11,6,16] X
    [1,3,5], [3,5,6], [5,6,7], [6,7,8], [7,8,9], [7,8,10], [8,9,6], [8,10,11], [9,6,7], [10,11,6], [11,6,16]
[1,3,5,6,7,8,10,11,6,7,8,9,6,16] X
    [1,3,5], [3,5,6], [5,6,7], [6,7,8], [7,8,9], [7,8,10], [8,9,6], [8,10,11], [9,6,16], [10,11,6], [11,6,7]
[1,3,5,6,7,8,10,12,13,14,15,6,7,8,9,6,16] X
    [1,3,5], [3,5,6], [5,6,7], [6,7,8], [7,8,9], [7,8,10], [8,9,6], [8,10,12], [9,6,16], [10,12,13], [12,13,14], [13,14,15], [14,15,6], [15,6,7]
[1,3,5,6,16] X
    [1,3,5], [3,5,6], [5,6,16]
[1,2] X
    [1,2]
[1,3,4] X
    [1,3,4]