https://cs.gmu.edu:8443/offutt/coverage/GraphCoverage

Graph Edges:
1 2
1 3
3 4
3 5
5 6
6 16
6 7
7 8
8 9
8 10
9 6
10 11
10 12
11 6
12 13
13 14
13 15
14 15
15 6

Initial nodes:
1

Final nodes:
2 16

22 requirements are needed for Edge-Pairs
1. [1,2] X
2. [1,3,4] X
3. [1,3,5] X
4. [3,5,6] X
5. [5,6,16] X
6. [5,6,7] X
7. [6,7,8] X
8. [7,8,9] X
9. [7,8,10] X
10. [8,9,6] X
11. [8,10,11] X
12. [8,10,12] X
13. [9,6,16] X
14. [9,6,7] X
15. [10,11,6] X
16. [10,12,13] X
17. [11,6,16] X
18. [11,6,7] X
19. [12,13,14] X
20. [12,13,15] X
21. [13,14,15] X
22. [13,15,6] X
23. [14,15,6] X
24. [15,6,16] X
25. [15,6,7] X

37 requirements are needed for Prime Paths
12,13,14,15 -> encontra um prefix


1. [1,3,5,6,7,8,10,12,13,14,15] X
2. [1,3,5,6,7,8,10,12,13,15] X
3. [7,8,10,12,13,14,15,6,16] X
4. [6,7,8,10,12,13,14,15,6] X
5. [7,8,10,12,13,14,15,6,7] X
6. [8,10,12,13,14,15,6,7,8] X
7. [9,6,7,8,10,12,13,14,15] X
8. [13,14,15,6,7,8,10,12,13] X
9. [12,13,14,15,6,7,8,10,12] X
10. [14,15,6,7,8,10,12,13,14] X
11. [15,6,7,8,10,12,13,14,15] X
12. [12,13,14,15,6,7,8,10,11] X
13. [10,12,13,14,15,6,7,8,9] X
14. [10,12,13,14,15,6,7,8,10] X
15. [11,6,7,8,10,12,13,14,15] X
16. [7,8,10,12,13,15,6,7] X
17. [7,8,10,12,13,15,6,16] X
18. [9,6,7,8,10,12,13,15] X
19. [8,10,12,13,15,6,7,8] X
20. [1,3,5,6,7,8,10,11] X
21. [6,7,8,10,12,13,15,6] X
22. [12,13,15,6,7,8,10,12] X
23. [13,15,6,7,8,10,12,13] X
24. [15,6,7,8,10,12,13,15] X
25. [12,13,15,6,7,8,10,11] X
26. [10,12,13,15,6,7,8,10] X
27. [10,12,13,15,6,7,8,9] X
28. [11,6,7,8,10,12,13,15] X
29. [1,3,5,6,7,8,9] X
30. [8,10,11,6,7,8] X
31. [7,8,10,11,6,7] X
32. [9,6,7,8,10,11] X
33. [7,8,10,11,6,16] X
34. [6,7,8,10,11,6] X
35. [10,11,6,7,8,9] X
36. [10,11,6,7,8,10] X
37. [11,6,7,8,10,11] X
38. [7,8,9,6,7] X
39. [7,8,9,6,16] X
40. [8,9,6,7,8] X
41. [1,3,5,6,16] X
42. [6,7,8,9,6] X
43. [9,6,7,8,9] X
44. [1,3,4] X
45. [1,2] X