19 test paths are needed for Prime Path Coverage
Test Paths	Test Requirements that are toured by test paths directly
[1,3,5,6,7,8,10,12,13,14,15,6,7,8,9,6,16] X
    [1,3,5,6,7,8,10,12,13,14,15], [6,7,8,10,12,13,14,15,6], [7,8,10,12,13,14,15,6,7], [8,10,12,13,14,15,6,7,8], [10,12,13,14,15,6,7,8,9], [7,8,9,6,16], [6,7,8,9,6]
[1,3,5,6,7,8,9,6,7,8,10,12,13,14,15,6,16] X
    [7,8,10,12,13,14,15,6,16], [6,7,8,10,12,13,14,15,6], [9,6,7,8,10,12,13,14,15], [1,3,5,6,7,8,9], [7,8,9,6,7], [8,9,6,7,8], [6,7,8,9,6]
[1,3,5,6,7,8,10,12,13,14,15,6,7,8,10,12,13,15,6,16]	X
    [1,3,5,6,7,8,10,12,13,14,15], [6,7,8,10,12,13,14,15,6], [7,8,10,12,13,14,15,6,7], [8,10,12,13,14,15,6,7,8], [13,14,15,6,7,8,10,12,13], [12,13,14,15,6,7,8,10,12], [10,12,13,14,15,6,7,8,10], [7,8,10,12,13,15,6,16], [6,7,8,10,12,13,15,6], [15,6,7,8,10,12,13,15]
[1,3,5,6,7,8,10,12,13,14,15,6,7,8,10,12,13,14,15,6,16] X
    [1,3,5,6,7,8,10,12,13,14,15], [7,8,10,12,13,14,15,6,16], [6,7,8,10,12,13,14,15,6], [7,8,10,12,13,14,15,6,7], [8,10,12,13,14,15,6,7,8], [13,14,15,6,7,8,10,12,13], [12,13,14,15,6,7,8,10,12], [14,15,6,7,8,10,12,13,14], [15,6,7,8,10,12,13,14,15], [10,12,13,14,15,6,7,8,10]
[1,3,5,6,7,8,10,12,13,15,6,7,8,10,12,13,14,15,6,16]	X
    [1,3,5,6,7,8,10,12,13,15], [7,8,10,12,13,14,15,6,16], [6,7,8,10,12,13,14,15,6], [15,6,7,8,10,12,13,14,15], [7,8,10,12,13,15,6,7], [8,10,12,13,15,6,7,8], [6,7,8,10,12,13,15,6], [12,13,15,6,7,8,10,12], [13,15,6,7,8,10,12,13], [10,12,13,15,6,7,8,10]
[1,3,5,6,7,8,10,12,13,14,15,6,7,8,10,11,6,16] X	
    [1,3,5,6,7,8,10,12,13,14,15], [6,7,8,10,12,13,14,15,6], [7,8,10,12,13,14,15,6,7], [8,10,12,13,14,15,6,7,8], [12,13,14,15,6,7,8,10,11], [10,12,13,14,15,6,7,8,10], [7,8,10,11,6,16], [6,7,8,10,11,6]
[1,3,5,6,7,8,10,11,6,7,8,10,12,13,14,15,6,16] X
    [7,8,10,12,13,14,15,6,16], [6,7,8,10,12,13,14,15,6], [11,6,7,8,10,12,13,14,15], [1,3,5,6,7,8,10,11], [8,10,11,6,7,8], [7,8,10,11,6,7], [6,7,8,10,11,6], [10,11,6,7,8,10]
[1,3,5,6,7,8,10,12,13,15,6,7,8,9,6,16] X
    [1,3,5,6,7,8,10,12,13,15], [7,8,10,12,13,15,6,7], [8,10,12,13,15,6,7,8], [6,7,8,10,12,13,15,6], [10,12,13,15,6,7,8,9], [7,8,9,6,16], [6,7,8,9,6]
[1,3,5,6,7,8,9,6,7,8,10,12,13,15,6,16] X
    [7,8,10,12,13,15,6,16], [9,6,7,8,10,12,13,15], [6,7,8,10,12,13,15,6], [1,3,5,6,7,8,9], [7,8,9,6,7], [8,9,6,7,8], [6,7,8,9,6]
[1,3,5,6,7,8,10,12,13,15,6,7,8,10,12,13,15,6,16] X
    [1,3,5,6,7,8,10,12,13,15], [7,8,10,12,13,15,6,7], [7,8,10,12,13,15,6,16], [8,10,12,13,15,6,7,8], [6,7,8,10,12,13,15,6], [12,13,15,6,7,8,10,12], [13,15,6,7,8,10,12,13], [15,6,7,8,10,12,13,15], [10,12,13,15,6,7,8,10]
[1,3,5,6,7,8,10,12,13,15,6,7,8,10,11,6,16] X
    [1,3,5,6,7,8,10,12,13,15], [7,8,10,12,13,15,6,7], [8,10,12,13,15,6,7,8], [6,7,8,10,12,13,15,6], [12,13,15,6,7,8,10,11], [10,12,13,15,6,7,8,10], [7,8,10,11,6,16], [6,7,8,10,11,6]
[1,3,5,6,7,8,10,11,6,7,8,10,12,13,15,6,16] X
    [7,8,10,12,13,15,6,16], [1,3,5,6,7,8,10,11], [6,7,8,10,12,13,15,6], [11,6,7,8,10,12,13,15], [8,10,11,6,7,8], [7,8,10,11,6,7], [6,7,8,10,11,6], [10,11,6,7,8,10]
[1,3,5,6,7,8,10,11,6,7,8,9,6,16] X
    [1,3,5,6,7,8,10,11], [8,10,11,6,7,8], [7,8,10,11,6,7], [6,7,8,10,11,6], [10,11,6,7,8,9], [7,8,9,6,16], [6,7,8,9,6]
[1,3,5,6,7,8,9,6,7,8,10,11,6,16] X	
    [1,3,5,6,7,8,9], [9,6,7,8,10,11], [7,8,10,11,6,16], [6,7,8,10,11,6], [7,8,9,6,7], [8,9,6,7,8], [6,7,8,9,6]
[1,3,5,6,7,8,10,11,6,7,8,10,11,6,16] X
    [1,3,5,6,7,8,10,11], [8,10,11,6,7,8], [7,8,10,11,6,7], [7,8,10,11,6,16], [6,7,8,10,11,6], [10,11,6,7,8,10], [11,6,7,8,10,11]
[1,3,5,6,7,8,9,6,7,8,9,6,16] X
    [1,3,5,6,7,8,9], [7,8,9,6,7], [7,8,9,6,16], [8,9,6,7,8], [6,7,8,9,6], [9,6,7,8,9]
[1,3,5,6,16] X
    [1,3,5,6,16]
[1,3,4] X
    [1,3,4]
[1,2] X
    [1,2]